{
 "cells": [
  {
   "cell_type": "code",
   "execution_count": 1,
   "metadata": {},
   "outputs": [],
   "source": [
    "import numpy as np\n",
    "from numpy import sqrt, exp, log, sin, cos, tan, sinh, cosh, tanh, pi\n",
    "import matplotlib.pyplot as plt\n",
    "%precision 16"
   ]
  },
  {
   "cell_type": "code",
   "execution_count": 2,
   "metadata": {},
   "outputs": [
    {
     "data": {
      "text/plain": [
       "array([[ 2.50000000e-01,  2.50000000e-01,  2.50000000e-01,\n",
       "         2.50000000e-01,  2.50000000e-01,  2.50000000e-01,\n",
       "         2.50000000e-01,  2.50000000e-01,  2.50000000e-01,\n",
       "         2.50000000e-01,  2.50000000e-01,  2.50000000e-01,\n",
       "         2.50000000e-01,  2.50000000e-01,  2.50000000e-01,\n",
       "         2.50000000e-01],\n",
       "       [ 3.26640741e-01,  2.50000000e-01,  1.35299025e-01,\n",
       "         2.16489014e-17, -1.35299025e-01, -2.50000000e-01,\n",
       "        -3.26640741e-01, -3.53553391e-01, -3.26640741e-01,\n",
       "        -2.50000000e-01, -1.35299025e-01, -6.49467042e-17,\n",
       "         1.35299025e-01,  2.50000000e-01,  3.26640741e-01,\n",
       "         3.53553391e-01],\n",
       "       [ 2.50000000e-01,  2.16489014e-17, -2.50000000e-01,\n",
       "        -3.53553391e-01, -2.50000000e-01, -6.49467042e-17,\n",
       "         2.50000000e-01,  3.53553391e-01,  2.50000000e-01,\n",
       "         1.08244507e-16, -2.50000000e-01, -3.53553391e-01,\n",
       "        -2.50000000e-01, -1.51542310e-16,  2.50000000e-01,\n",
       "         3.53553391e-01],\n",
       "       [ 1.35299025e-01, -2.50000000e-01, -3.26640741e-01,\n",
       "        -6.49467042e-17,  3.26640741e-01,  2.50000000e-01,\n",
       "        -1.35299025e-01, -3.53553391e-01, -1.35299025e-01,\n",
       "         2.50000000e-01,  3.26640741e-01,  1.94840113e-16,\n",
       "        -3.26640741e-01, -2.50000000e-01,  1.35299025e-01,\n",
       "         3.53553391e-01],\n",
       "       [ 2.16489014e-17, -3.53553391e-01, -6.49467042e-17,\n",
       "         3.53553391e-01,  1.08244507e-16, -3.53553391e-01,\n",
       "        -1.51542310e-16,  3.53553391e-01,  1.94840113e-16,\n",
       "        -3.53553391e-01, -8.66174899e-16,  3.53553391e-01,\n",
       "        -3.46601265e-16, -3.53553391e-01, -9.52770505e-16,\n",
       "         3.53553391e-01],\n",
       "       [-1.35299025e-01, -2.50000000e-01,  3.26640741e-01,\n",
       "         1.08244507e-16, -3.26640741e-01,  2.50000000e-01,\n",
       "         1.35299025e-01, -3.53553391e-01,  1.35299025e-01,\n",
       "         2.50000000e-01, -3.26640741e-01, -9.52770505e-16,\n",
       "         3.26640741e-01, -2.50000000e-01, -1.35299025e-01,\n",
       "         3.53553391e-01],\n",
       "       [-2.50000000e-01, -6.49467042e-17,  2.50000000e-01,\n",
       "        -3.53553391e-01,  2.50000000e-01,  1.94840113e-16,\n",
       "        -2.50000000e-01,  3.53553391e-01, -2.50000000e-01,\n",
       "        -9.52770505e-16,  2.50000000e-01, -3.53553391e-01,\n",
       "         2.50000000e-01, -1.73410054e-16, -2.50000000e-01,\n",
       "         3.53553391e-01],\n",
       "       [-3.26640741e-01,  2.50000000e-01, -1.35299025e-01,\n",
       "        -1.51542310e-16,  1.35299025e-01, -2.50000000e-01,\n",
       "         3.26640741e-01, -3.53553391e-01,  3.26640741e-01,\n",
       "        -2.50000000e-01,  1.35299025e-01, -1.73410054e-16,\n",
       "        -1.35299025e-01,  2.50000000e-01, -3.26640741e-01,\n",
       "         3.53553391e-01],\n",
       "       [-2.50000000e-01,  2.50000000e-01, -2.50000000e-01,\n",
       "         2.50000000e-01, -2.50000000e-01,  2.50000000e-01,\n",
       "        -2.50000000e-01,  2.50000000e-01, -2.50000000e-01,\n",
       "         2.50000000e-01, -2.50000000e-01,  2.50000000e-01,\n",
       "        -2.50000000e-01,  2.50000000e-01, -2.50000000e-01,\n",
       "         2.50000000e-01],\n",
       "       [-1.35299025e-01,  2.50000000e-01, -3.26640741e-01,\n",
       "         3.53553391e-01, -3.26640741e-01,  2.50000000e-01,\n",
       "        -1.35299025e-01,  3.89680225e-16,  1.35299025e-01,\n",
       "        -2.50000000e-01,  3.26640741e-01, -3.53553391e-01,\n",
       "         3.26640741e-01, -2.50000000e-01,  1.35299025e-01,\n",
       "        -7.79360451e-16],\n",
       "       [-2.50000000e-01,  3.53553391e-01, -2.50000000e-01,\n",
       "         2.16489014e-16,  2.50000000e-01, -3.53553391e-01,\n",
       "         2.50000000e-01, -4.32978028e-16, -2.50000000e-01,\n",
       "         3.53553391e-01, -2.50000000e-01,  1.90554101e-15,\n",
       "         2.50000000e-01, -3.53553391e-01,  2.50000000e-01,\n",
       "        -8.65956056e-16],\n",
       "       [-3.26640741e-01,  2.50000000e-01,  1.35299025e-01,\n",
       "        -3.53553391e-01,  1.35299025e-01,  2.50000000e-01,\n",
       "        -3.26640741e-01,  1.73234980e-15,  3.26640741e-01,\n",
       "        -2.50000000e-01, -1.35299025e-01,  3.53553391e-01,\n",
       "        -1.35299025e-01, -2.50000000e-01,  3.26640741e-01,\n",
       "        -3.46469960e-15],\n",
       "       [-3.53553391e-01,  1.29893408e-16,  3.53553391e-01,\n",
       "        -2.59786817e-16, -3.53553391e-01,  3.89680225e-16,\n",
       "         3.53553391e-01, -5.19573634e-16, -3.53553391e-01,\n",
       "         1.90554101e-15,  3.53553391e-01, -7.79360451e-16,\n",
       "        -3.53553391e-01, -3.46820108e-16,  3.53553391e-01,\n",
       "        -1.03914727e-15],\n",
       "       [-3.26640741e-01, -2.50000000e-01,  1.35299025e-01,\n",
       "         3.53553391e-01,  1.35299025e-01, -2.50000000e-01,\n",
       "        -3.26640741e-01, -6.93202530e-16,  3.26640741e-01,\n",
       "         2.50000000e-01, -1.35299025e-01, -3.53553391e-01,\n",
       "        -1.35299025e-01,  2.50000000e-01,  3.26640741e-01,\n",
       "         1.38640506e-15],\n",
       "       [-2.50000000e-01, -3.53553391e-01, -2.50000000e-01,\n",
       "         3.03084620e-16,  2.50000000e-01,  3.53553391e-01,\n",
       "         2.50000000e-01, -6.06169239e-16, -2.50000000e-01,\n",
       "        -3.53553391e-01, -2.50000000e-01, -3.46820108e-16,\n",
       "         2.50000000e-01,  3.53553391e-01,  2.50000000e-01,\n",
       "        -1.21233848e-15],\n",
       "       [-1.35299025e-01, -2.50000000e-01, -3.26640741e-01,\n",
       "        -3.53553391e-01, -3.26640741e-01, -2.50000000e-01,\n",
       "        -1.35299025e-01,  1.90554101e-15,  1.35299025e-01,\n",
       "         2.50000000e-01,  3.26640741e-01,  3.53553391e-01,\n",
       "         3.26640741e-01,  2.50000000e-01,  1.35299025e-01,\n",
       "        -3.81108202e-15]])"
      ]
     },
     "execution_count": 2,
     "metadata": {},
     "output_type": "execute_result"
    }
   ],
   "source": [
    "U = np.loadtxt('U')\n",
    "U"
   ]
  },
  {
   "cell_type": "code",
   "execution_count": 3,
   "metadata": {},
   "outputs": [],
   "source": [
    "nbeads = 16\n",
    "hbar = 1\n",
    "beta = 1"
   ]
  },
  {
   "cell_type": "code",
   "execution_count": 4,
   "metadata": {},
   "outputs": [
    {
     "name": "stdout",
     "output_type": "stream",
     "text": [
      "0.0\n",
      "0.0\n",
      "0.0\n",
      "0.0\n",
      "0.0\n",
      "0.0\n",
      "0.0\n",
      "0.0\n",
      "0.0\n",
      "0.0\n",
      "0.0\n",
      "0.0\n",
      "0.0\n",
      "0.0\n",
      "0.0\n",
      "0.0\n",
      "5.551115123125783e-17\n",
      "-5.551115123125783e-17\n",
      "-2.7755575615628914e-17\n",
      "-6.162975822039155e-33\n",
      "5.551115123125783e-17\n",
      "0.0\n",
      "-5.551115123125783e-17\n",
      "0.0\n",
      "0.0\n",
      "5.551115123125783e-17\n",
      "-5.551115123125783e-17\n",
      "0.0\n",
      "2.7755575615628914e-17\n",
      "5.551115123125783e-17\n",
      "0.0\n",
      "0.0\n",
      "-5.551115123125783e-17\n",
      "-6.162975822039155e-33\n",
      "0.0\n",
      "0.0\n",
      "5.551115123125783e-17\n",
      "0.0\n",
      "5.551115123125783e-17\n",
      "0.0\n",
      "-5.551115123125783e-17\n",
      "-2.465190328815662e-32\n",
      "-2.7755575615628914e-17\n",
      "0.0\n",
      "0.0\n",
      "-4.930380657631324e-32\n",
      "0.0\n",
      "0.0\n",
      "-2.7755575615628914e-17\n",
      "0.0\n",
      "0.0\n",
      "0.0\n",
      "0.0\n",
      "-5.551115123125783e-17\n",
      "0.0\n",
      "0.0\n",
      "-2.7755575615628914e-17\n",
      "0.0\n",
      "2.7755575615628914e-16\n",
      "2.465190328815662e-32\n",
      "-2.7755575615628914e-16\n",
      "-5.551115123125783e-17\n",
      "-1.1657341758564144e-15\n",
      "0.0\n",
      "-6.162975822039155e-33\n",
      "0.0\n",
      "0.0\n",
      "0.0\n",
      "-2.465190328815662e-32\n",
      "0.0\n",
      "-4.930380657631324e-32\n",
      "0.0\n",
      "2.465190328815662e-32\n",
      "0.0\n",
      "0.0\n",
      "0.0\n",
      "0.0\n",
      "0.0\n",
      "0.0\n",
      "0.0\n",
      "5.551115123125783e-17\n",
      "5.551115123125783e-17\n",
      "0.0\n",
      "-2.465190328815662e-32\n",
      "-5.551115123125783e-17\n",
      "0.0\n",
      "-2.7755575615628914e-17\n",
      "0.0\n",
      "-2.7755575615628914e-17\n",
      "0.0\n",
      "4.440892098500626e-16\n",
      "0.0\n",
      "-4.996003610813204e-16\n",
      "-2.7755575615628914e-17\n",
      "2.7755575615628914e-17\n",
      "0.0\n",
      "0.0\n",
      "0.0\n",
      "-5.551115123125783e-17\n",
      "0.0\n",
      "0.0\n",
      "2.465190328815662e-32\n",
      "-5.551115123125783e-17\n",
      "0.0\n",
      "0.0\n",
      "0.0\n",
      "8.326672684688674e-16\n",
      "0.0\n",
      "8.881784197001252e-16\n",
      "4.930380657631324e-32\n",
      "-1.7208456881689926e-15\n",
      "0.0\n",
      "-5.551115123125783e-17\n",
      "5.551115123125783e-17\n",
      "0.0\n",
      "-4.930380657631324e-32\n",
      "-2.7755575615628914e-17\n",
      "-5.551115123125783e-17\n",
      "0.0\n",
      "0.0\n",
      "0.0\n",
      "-2.7755575615628914e-17\n",
      "-1.1657341758564144e-15\n",
      "4.930380657631324e-32\n",
      "2.275957200481571e-15\n",
      "-5.551115123125783e-17\n",
      "-9.43689570931383e-16\n",
      "0.0\n",
      "0.0\n",
      "0.0\n",
      "0.0\n",
      "0.0\n",
      "0.0\n",
      "0.0\n",
      "0.0\n",
      "0.0\n",
      "0.0\n",
      "0.0\n",
      "0.0\n",
      "0.0\n",
      "0.0\n",
      "0.0\n",
      "0.0\n",
      "0.0\n",
      "-2.7755575615628914e-17\n",
      "5.551115123125783e-17\n",
      "-5.551115123125783e-17\n",
      "0.0\n",
      "0.0\n",
      "5.551115123125783e-17\n",
      "-5.551115123125783e-17\n",
      "4.930380657631324e-32\n",
      "2.7755575615628914e-17\n",
      "0.0\n",
      "-9.992007221626409e-16\n",
      "0.0\n",
      "-5.551115123125783e-17\n",
      "-2.7755575615628914e-17\n",
      "2.7755575615628914e-17\n",
      "0.0\n",
      "0.0\n",
      "0.0\n",
      "-5.551115123125783e-17\n",
      "-4.930380657631324e-32\n",
      "-5.551115123125783e-17\n",
      "0.0\n",
      "0.0\n",
      "0.0\n",
      "0.0\n",
      "0.0\n",
      "-1.7486012637846216e-15\n",
      "3.944304526105059e-31\n",
      "1.7208456881689926e-15\n",
      "0.0\n",
      "5.551115123125783e-17\n",
      "0.0\n",
      "0.0\n",
      "5.551115123125783e-17\n",
      "-5.551115123125783e-17\n",
      "0.0\n",
      "2.7755575615628914e-17\n",
      "0.0\n",
      "5.551115123125783e-17\n",
      "3.944304526105059e-31\n",
      "-5.551115123125783e-17\n",
      "5.551115123125783e-17\n",
      "2.3314683517128287e-15\n",
      "0.0\n",
      "2.275957200481571e-15\n",
      "-2.7755575615628914e-17\n",
      "0.0\n",
      "3.944304526105059e-31\n",
      "0.0\n",
      "0.0\n",
      "0.0\n",
      "0.0\n",
      "0.0\n",
      "4.930380657631324e-32\n",
      "0.0\n",
      "0.0\n",
      "0.0\n",
      "3.944304526105059e-31\n",
      "0.0\n",
      "0.0\n",
      "0.0\n",
      "0.0\n",
      "0.0\n",
      "0.0\n",
      "0.0\n",
      "5.551115123125783e-17\n",
      "-2.7755575615628914e-17\n",
      "0.0\n",
      "0.0\n",
      "5.551115123125783e-17\n",
      "0.0\n",
      "0.0\n",
      "-5.551115123125783e-17\n",
      "-2.7755575615628914e-17\n",
      "-2.3592239273284576e-15\n",
      "0.0\n",
      "-5.551115123125783e-17\n",
      "5.551115123125783e-17\n",
      "0.0\n",
      "-1.9721522630525295e-31\n",
      "5.551115123125783e-17\n",
      "0.0\n",
      "5.551115123125783e-17\n",
      "0.0\n",
      "0.0\n",
      "0.0\n",
      "-2.7755575615628914e-17\n",
      "0.0\n",
      "-2.7755575615628914e-17\n",
      "0.0\n",
      "1.7486012637846216e-15\n",
      "0.0\n",
      "-3.524958103184872e-15\n",
      "0.0\n",
      "-3.497202527569243e-15\n",
      "1.9721522630525295e-31\n",
      "2.7755575615628914e-17\n",
      "-5.551115123125783e-17\n",
      "0.0\n",
      "0.0\n",
      "0.0\n",
      "0.0\n",
      "-5.551115123125783e-17\n",
      "3.944304526105059e-31\n",
      "2.7755575615628914e-17\n",
      "5.551115123125783e-17\n",
      "0.0\n",
      "0.0\n",
      "1.942890293094024e-15\n",
      "5.551115123125783e-17\n",
      "0.0\n",
      "-7.888609052210118e-31\n"
     ]
    }
   ],
   "source": [
    "for i in range(nbeads):\n",
    "    for j in range(nbeads):\n",
    "        if (i == 0):\n",
    "            print(sqrt(1/nbeads) - U[i][j])\n",
    "        elif (i < nbeads/2):\n",
    "            print(sqrt(2/nbeads) * cos(2* pi * (j + 1) * i / nbeads) - U[i][j])\n",
    "        elif (i == nbeads/2):\n",
    "            print(sqrt(1/nbeads) * (-1)**(j+1) - U[i][j])\n",
    "        else:\n",
    "            print(sqrt(2/nbeads) * sin(2 * pi *(j + 1) * i/ nbeads) -U[i][j])"
   ]
  },
  {
   "cell_type": "code",
   "execution_count": 5,
   "metadata": {},
   "outputs": [
    {
     "data": {
      "text/plain": [
       "array([[ 2.50000000e-01,  3.26640741e-01,  2.50000000e-01,\n",
       "         1.35299025e-01,  2.16489014e-17, -1.35299025e-01,\n",
       "        -2.50000000e-01, -3.26640741e-01, -2.50000000e-01,\n",
       "        -1.35299025e-01, -2.50000000e-01, -3.26640741e-01,\n",
       "        -3.53553391e-01, -3.26640741e-01, -2.50000000e-01,\n",
       "        -1.35299025e-01],\n",
       "       [ 2.50000000e-01,  2.50000000e-01,  2.16489014e-17,\n",
       "        -2.50000000e-01, -3.53553391e-01, -2.50000000e-01,\n",
       "        -6.49467042e-17,  2.50000000e-01,  2.50000000e-01,\n",
       "         2.50000000e-01,  3.53553391e-01,  2.50000000e-01,\n",
       "         1.29893408e-16, -2.50000000e-01, -3.53553391e-01,\n",
       "        -2.50000000e-01],\n",
       "       [ 2.50000000e-01,  1.35299025e-01, -2.50000000e-01,\n",
       "        -3.26640741e-01, -6.49467042e-17,  3.26640741e-01,\n",
       "         2.50000000e-01, -1.35299025e-01, -2.50000000e-01,\n",
       "        -3.26640741e-01, -2.50000000e-01,  1.35299025e-01,\n",
       "         3.53553391e-01,  1.35299025e-01, -2.50000000e-01,\n",
       "        -3.26640741e-01],\n",
       "       [ 2.50000000e-01,  2.16489014e-17, -3.53553391e-01,\n",
       "        -6.49467042e-17,  3.53553391e-01,  1.08244507e-16,\n",
       "        -3.53553391e-01, -1.51542310e-16,  2.50000000e-01,\n",
       "         3.53553391e-01,  2.16489014e-16, -3.53553391e-01,\n",
       "        -2.59786817e-16,  3.53553391e-01,  3.03084620e-16,\n",
       "        -3.53553391e-01],\n",
       "       [ 2.50000000e-01, -1.35299025e-01, -2.50000000e-01,\n",
       "         3.26640741e-01,  1.08244507e-16, -3.26640741e-01,\n",
       "         2.50000000e-01,  1.35299025e-01, -2.50000000e-01,\n",
       "        -3.26640741e-01,  2.50000000e-01,  1.35299025e-01,\n",
       "        -3.53553391e-01,  1.35299025e-01,  2.50000000e-01,\n",
       "        -3.26640741e-01],\n",
       "       [ 2.50000000e-01, -2.50000000e-01, -6.49467042e-17,\n",
       "         2.50000000e-01, -3.53553391e-01,  2.50000000e-01,\n",
       "         1.94840113e-16, -2.50000000e-01,  2.50000000e-01,\n",
       "         2.50000000e-01, -3.53553391e-01,  2.50000000e-01,\n",
       "         3.89680225e-16, -2.50000000e-01,  3.53553391e-01,\n",
       "        -2.50000000e-01],\n",
       "       [ 2.50000000e-01, -3.26640741e-01,  2.50000000e-01,\n",
       "        -1.35299025e-01, -1.51542310e-16,  1.35299025e-01,\n",
       "        -2.50000000e-01,  3.26640741e-01, -2.50000000e-01,\n",
       "        -1.35299025e-01,  2.50000000e-01, -3.26640741e-01,\n",
       "         3.53553391e-01, -3.26640741e-01,  2.50000000e-01,\n",
       "        -1.35299025e-01],\n",
       "       [ 2.50000000e-01, -3.53553391e-01,  3.53553391e-01,\n",
       "        -3.53553391e-01,  3.53553391e-01, -3.53553391e-01,\n",
       "         3.53553391e-01, -3.53553391e-01,  2.50000000e-01,\n",
       "         3.89680225e-16, -4.32978028e-16,  1.73234980e-15,\n",
       "        -5.19573634e-16, -6.93202530e-16, -6.06169239e-16,\n",
       "         1.90554101e-15],\n",
       "       [ 2.50000000e-01, -3.26640741e-01,  2.50000000e-01,\n",
       "        -1.35299025e-01,  1.94840113e-16,  1.35299025e-01,\n",
       "        -2.50000000e-01,  3.26640741e-01, -2.50000000e-01,\n",
       "         1.35299025e-01, -2.50000000e-01,  3.26640741e-01,\n",
       "        -3.53553391e-01,  3.26640741e-01, -2.50000000e-01,\n",
       "         1.35299025e-01],\n",
       "       [ 2.50000000e-01, -2.50000000e-01,  1.08244507e-16,\n",
       "         2.50000000e-01, -3.53553391e-01,  2.50000000e-01,\n",
       "        -9.52770505e-16, -2.50000000e-01,  2.50000000e-01,\n",
       "        -2.50000000e-01,  3.53553391e-01, -2.50000000e-01,\n",
       "         1.90554101e-15,  2.50000000e-01, -3.53553391e-01,\n",
       "         2.50000000e-01],\n",
       "       [ 2.50000000e-01, -1.35299025e-01, -2.50000000e-01,\n",
       "         3.26640741e-01, -8.66174899e-16, -3.26640741e-01,\n",
       "         2.50000000e-01,  1.35299025e-01, -2.50000000e-01,\n",
       "         3.26640741e-01, -2.50000000e-01, -1.35299025e-01,\n",
       "         3.53553391e-01, -1.35299025e-01, -2.50000000e-01,\n",
       "         3.26640741e-01],\n",
       "       [ 2.50000000e-01, -6.49467042e-17, -3.53553391e-01,\n",
       "         1.94840113e-16,  3.53553391e-01, -9.52770505e-16,\n",
       "        -3.53553391e-01, -1.73410054e-16,  2.50000000e-01,\n",
       "        -3.53553391e-01,  1.90554101e-15,  3.53553391e-01,\n",
       "        -7.79360451e-16, -3.53553391e-01, -3.46820108e-16,\n",
       "         3.53553391e-01],\n",
       "       [ 2.50000000e-01,  1.35299025e-01, -2.50000000e-01,\n",
       "        -3.26640741e-01, -3.46601265e-16,  3.26640741e-01,\n",
       "         2.50000000e-01, -1.35299025e-01, -2.50000000e-01,\n",
       "         3.26640741e-01,  2.50000000e-01, -1.35299025e-01,\n",
       "        -3.53553391e-01, -1.35299025e-01,  2.50000000e-01,\n",
       "         3.26640741e-01],\n",
       "       [ 2.50000000e-01,  2.50000000e-01, -1.51542310e-16,\n",
       "        -2.50000000e-01, -3.53553391e-01, -2.50000000e-01,\n",
       "        -1.73410054e-16,  2.50000000e-01,  2.50000000e-01,\n",
       "        -2.50000000e-01, -3.53553391e-01, -2.50000000e-01,\n",
       "        -3.46820108e-16,  2.50000000e-01,  3.53553391e-01,\n",
       "         2.50000000e-01],\n",
       "       [ 2.50000000e-01,  3.26640741e-01,  2.50000000e-01,\n",
       "         1.35299025e-01, -9.52770505e-16, -1.35299025e-01,\n",
       "        -2.50000000e-01, -3.26640741e-01, -2.50000000e-01,\n",
       "         1.35299025e-01,  2.50000000e-01,  3.26640741e-01,\n",
       "         3.53553391e-01,  3.26640741e-01,  2.50000000e-01,\n",
       "         1.35299025e-01],\n",
       "       [ 2.50000000e-01,  3.53553391e-01,  3.53553391e-01,\n",
       "         3.53553391e-01,  3.53553391e-01,  3.53553391e-01,\n",
       "         3.53553391e-01,  3.53553391e-01,  2.50000000e-01,\n",
       "        -7.79360451e-16, -8.65956056e-16, -3.46469960e-15,\n",
       "        -1.03914727e-15,  1.38640506e-15, -1.21233848e-15,\n",
       "        -3.81108202e-15]])"
      ]
     },
     "execution_count": 5,
     "metadata": {},
     "output_type": "execute_result"
    }
   ],
   "source": [
    "UT = np.loadtxt('UT')\n",
    "UT"
   ]
  },
  {
   "cell_type": "code",
   "execution_count": 10,
   "metadata": {},
   "outputs": [
    {
     "name": "stdout",
     "output_type": "stream",
     "text": [
      "[[ 1.00000000e+00 -8.32667268e-17  1.38777878e-17 -6.93889390e-17\n",
      "  -5.13478149e-16 -2.08166817e-16 -3.19189120e-16  3.05311332e-16\n",
      "   0.00000000e+00  3.94965869e-16  2.83111347e-16  8.12573295e-18\n",
      "  -1.34886727e-16 -3.05654762e-16 -1.92062317e-16 -1.96431069e-16]\n",
      " [-8.32667268e-17  1.00000000e+00 -1.11022302e-16  1.38777878e-16\n",
      "  -2.22044605e-16  4.16333634e-17 -1.11022302e-16 -2.77555756e-17\n",
      "   2.77555756e-17  2.79565983e-16 -2.50650549e-16 -1.28046744e-15\n",
      "  -8.25361037e-16  1.00364636e-15  7.09739814e-17 -3.72746158e-15]\n",
      " [ 1.38777878e-17 -1.11022302e-16  1.00000000e+00 -8.32667268e-17\n",
      "   1.24900090e-16  1.94289029e-16  4.44089210e-16  3.60822483e-16\n",
      "  -5.55111512e-17  2.28269081e-17 -7.08617546e-16 -2.67388931e-16\n",
      "  -2.98005101e-16  1.15467939e-16 -1.58742166e-15 -8.61698396e-16]\n",
      " [-6.93889390e-17  1.38777878e-16 -8.32667268e-17  1.00000000e+00\n",
      "  -1.94289029e-16 -4.44089210e-16 -1.11022302e-16  1.11022302e-16\n",
      "   9.71445147e-17 -9.51342883e-17  3.32216539e-16 -1.78700670e-15\n",
      "   4.02823184e-16 -8.49038313e-16  2.65263011e-16 -1.39946267e-15]\n",
      " [-5.13478149e-16 -2.22044605e-16  1.24900090e-16 -1.94289029e-16\n",
      "   1.00000000e+00 -5.55111512e-17  2.63677968e-16 -4.16333634e-16\n",
      "   5.13478149e-16 -8.20788084e-16  1.63412852e-16 -9.81058441e-16\n",
      "  -2.36517650e-15  6.36921544e-16 -7.91719096e-16 -1.47632989e-15]\n",
      " [-2.08166817e-16  4.16333634e-17  1.94289029e-16 -4.44089210e-16\n",
      "  -5.55111512e-17  1.00000000e+00  3.05311332e-16  2.08166817e-16\n",
      "  -1.80411242e-16 -4.42078984e-16 -6.94739758e-16 -3.00131313e-15\n",
      "   2.70984199e-16  1.10772977e-15 -1.64948411e-16 -2.36049948e-15]\n",
      " [-3.19189120e-16 -1.11022302e-16  4.44089210e-16 -1.11022302e-16\n",
      "   2.63677968e-16  3.05311332e-16  1.00000000e+00  2.49800181e-16\n",
      "  -1.52655666e-16  7.13991654e-17 -2.57518001e-15 -7.66989292e-16\n",
      "  -2.04493445e-17 -5.10655145e-17 -6.78038967e-17 -7.85370563e-16]\n",
      " [ 3.05311332e-16 -2.77555756e-17  3.60822483e-16  1.11022302e-16\n",
      "  -4.16333634e-16  2.08166817e-16  2.49800181e-16  1.00000000e+00\n",
      "   2.77555756e-16 -2.02414679e-15 -1.39628246e-16 -2.43232383e-15\n",
      "  -7.69849886e-16  2.08611381e-15 -1.37192836e-16 -9.24148441e-16]\n",
      " [ 0.00000000e+00  2.77555756e-17 -5.55111512e-17  9.71445147e-17\n",
      "   5.13478149e-16 -1.80411242e-16 -1.52655666e-16  2.77555756e-16\n",
      "   1.00000000e+00 -2.57290158e-16  1.02700106e-16 -4.77596840e-16\n",
      "  -1.34886727e-16  1.10678872e-16 -7.19418254e-16 -2.24186645e-16]\n",
      " [ 3.94965869e-16  2.79565983e-16  2.28269081e-17 -9.51342883e-17\n",
      "  -8.20788084e-16 -4.42078984e-16  7.13991654e-17 -2.02414679e-15\n",
      "  -2.57290158e-16  1.00000000e+00 -4.51028104e-16  4.85722573e-17\n",
      "   8.11850587e-16 -8.32667268e-17  1.46410661e-15 -4.16333634e-17]\n",
      " [ 2.83111347e-16 -2.50650549e-16 -7.08617546e-16  3.32216539e-16\n",
      "   1.63412852e-16 -6.94739758e-16 -2.57518001e-15 -1.39628246e-16\n",
      "   1.02700106e-16 -4.51028104e-16  1.00000000e+00  9.43689571e-16\n",
      "   1.44328993e-15 -1.37390099e-15  4.16333634e-17 -7.49400542e-16]\n",
      " [ 8.12573295e-18 -1.28046744e-15 -2.67388931e-16 -1.78700670e-15\n",
      "  -9.81058441e-16 -3.00131313e-15 -7.66989292e-16 -2.43232383e-15\n",
      "  -4.77596840e-16  4.85722573e-17  9.43689571e-16  1.00000000e+00\n",
      "  -5.55111512e-17  1.52655666e-16  2.77555756e-16  2.08166817e-17]\n",
      " [-1.34886727e-16 -8.25361037e-16 -2.98005101e-16  4.02823184e-16\n",
      "  -2.36517650e-15  2.70984199e-16 -2.04493445e-17 -7.69849886e-16\n",
      "  -1.34886727e-16  8.11850587e-16  1.44328993e-15 -5.55111512e-17\n",
      "   1.00000000e+00  3.74700271e-16 -1.38777878e-15 -1.80411242e-16]\n",
      " [-3.05654762e-16  1.00364636e-15  1.15467939e-16 -8.49038313e-16\n",
      "   6.36921544e-16  1.10772977e-15 -5.10655145e-17  2.08611381e-15\n",
      "   1.10678872e-16 -8.32667268e-17 -1.37390099e-15  1.52655666e-16\n",
      "   3.74700271e-16  1.00000000e+00  7.49400542e-16  4.16333634e-16]\n",
      " [-1.92062317e-16  7.09739814e-17 -1.58742166e-15  2.65263011e-16\n",
      "  -7.91719096e-16 -1.64948411e-16 -6.78038967e-17 -1.37192836e-16\n",
      "  -7.19418254e-16  1.46410661e-15  4.16333634e-17  2.77555756e-16\n",
      "  -1.38777878e-15  7.49400542e-16  1.00000000e+00 -9.57567359e-16]\n",
      " [-1.96431069e-16 -3.72746158e-15 -8.61698396e-16 -1.39946267e-15\n",
      "  -1.47632989e-15 -2.36049948e-15 -7.85370563e-16 -9.24148441e-16\n",
      "  -2.24186645e-16 -4.16333634e-17 -7.49400542e-16  2.08166817e-17\n",
      "  -1.80411242e-16  4.16333634e-16 -9.57567359e-16  1.00000000e+00]]\n"
     ]
    }
   ],
   "source": [
    "I = np.zeros((nbeads,nbeads))\n",
    "for i in range(nbeads):\n",
    "    for j in range(nbeads):\n",
    "        #Update U[i][j] = \\sum_{ii = 1}^N U[i][ii]UT[ii][j]\n",
    "        for ii in range(nbeads):\n",
    "            \n",
    "            I[i][j] += U[i][ii] * UT[ii][j]\n",
    "print(I)"
   ]
  },
  {
   "cell_type": "code",
   "execution_count": null,
   "metadata": {},
   "outputs": [],
   "source": []
  }
 ],
 "metadata": {
  "kernelspec": {
   "display_name": "Python 3",
   "language": "python",
   "name": "python3"
  },
  "language_info": {
   "codemirror_mode": {
    "name": "ipython",
    "version": 3
   },
   "file_extension": ".py",
   "mimetype": "text/x-python",
   "name": "python",
   "nbconvert_exporter": "python",
   "pygments_lexer": "ipython3",
   "version": "3.6.8"
  }
 },
 "nbformat": 4,
 "nbformat_minor": 4
}
