{
 "cells": [
  {
   "cell_type": "markdown",
   "metadata": {},
   "source": [
    "# Numerical check of the NMPIMD w/ PILE"
   ]
  },
  {
   "cell_type": "code",
   "execution_count": 1,
   "metadata": {},
   "outputs": [
    {
     "data": {
      "text/plain": [
       "'%.16f'"
      ]
     },
     "execution_count": 1,
     "metadata": {},
     "output_type": "execute_result"
    }
   ],
   "source": [
    "import numpy as np\n",
    "from numpy import sqrt, exp, log, sin, cos, tan, sinh, cosh, tanh, pi\n",
    "import matplotlib.pyplot as plt\n",
    "%precision 16"
   ]
  },
  {
   "cell_type": "markdown",
   "metadata": {},
   "source": [
    "#### Unitary Matrix"
   ]
  },
  {
   "cell_type": "code",
   "execution_count": 2,
   "metadata": {},
   "outputs": [
    {
     "data": {
      "text/plain": [
       "array([[ 2.500000000000000e-01,  2.500000000000000e-01,\n",
       "         2.500000000000000e-01,  2.500000000000000e-01,\n",
       "         2.500000000000000e-01,  2.500000000000000e-01,\n",
       "         2.500000000000000e-01,  2.500000000000000e-01,\n",
       "         2.500000000000000e-01,  2.500000000000000e-01,\n",
       "         2.500000000000000e-01,  2.500000000000000e-01,\n",
       "         2.500000000000000e-01,  2.500000000000000e-01,\n",
       "         2.500000000000000e-01,  2.500000000000000e-01],\n",
       "       [ 3.266407412190941e-01,  2.500000000000001e-01,\n",
       "         1.352990250365493e-01,  2.164890140588734e-17,\n",
       "        -1.352990250365493e-01, -2.500000000000000e-01,\n",
       "        -3.266407412190941e-01, -3.535533905932738e-01,\n",
       "        -3.266407412190942e-01, -2.500000000000001e-01,\n",
       "        -1.352990250365494e-01, -6.494670421766200e-17,\n",
       "         1.352990250365493e-01,  2.499999999999999e-01,\n",
       "         3.266407412190941e-01,  3.535533905932738e-01],\n",
       "       [ 2.500000000000001e-01,  2.164890140588734e-17,\n",
       "        -2.500000000000000e-01, -3.535533905932738e-01,\n",
       "        -2.500000000000001e-01, -6.494670421766200e-17,\n",
       "         2.499999999999999e-01,  3.535533905932738e-01,\n",
       "         2.500000000000001e-01,  1.082445070294367e-16,\n",
       "        -2.499999999999997e-01, -3.535533905932738e-01,\n",
       "        -2.499999999999999e-01, -1.515423098412113e-16,\n",
       "         2.499999999999997e-01,  3.535533905932738e-01],\n",
       "       [ 1.352990250365493e-01, -2.500000000000000e-01,\n",
       "        -3.266407412190942e-01, -6.494670421766200e-17,\n",
       "         3.266407412190941e-01,  2.500000000000001e-01,\n",
       "        -1.352990250365493e-01, -3.535533905932738e-01,\n",
       "        -1.352990250365495e-01,  2.499999999999997e-01,\n",
       "         3.266407412190941e-01,  1.948401126529860e-16,\n",
       "        -3.266407412190940e-01, -2.499999999999999e-01,\n",
       "         1.352990250365492e-01,  3.535533905932738e-01],\n",
       "       [ 2.164890140588734e-17, -3.535533905932738e-01,\n",
       "        -6.494670421766200e-17,  3.535533905932738e-01,\n",
       "         1.082445070294367e-16, -3.535533905932738e-01,\n",
       "        -1.515423098412113e-16,  3.535533905932738e-01,\n",
       "         1.948401126529860e-16, -3.535533905932738e-01,\n",
       "        -8.661748989382707e-16,  3.535533905932738e-01,\n",
       "        -3.466012651969747e-16, -3.535533905932738e-01,\n",
       "        -9.527705045618201e-16,  3.535533905932738e-01],\n",
       "       [-1.352990250365493e-01, -2.500000000000001e-01,\n",
       "         3.266407412190941e-01,  1.082445070294367e-16,\n",
       "        -3.266407412190941e-01,  2.499999999999997e-01,\n",
       "         1.352990250365496e-01, -3.535533905932738e-01,\n",
       "         1.352990250365492e-01,  2.500000000000000e-01,\n",
       "        -3.266407412190942e-01, -9.527705045618201e-16,\n",
       "         3.266407412190945e-01, -2.499999999999995e-01,\n",
       "        -1.352990250365498e-01,  3.535533905932738e-01],\n",
       "       [-2.500000000000000e-01, -6.494670421766200e-17,\n",
       "         2.500000000000001e-01, -3.535533905932738e-01,\n",
       "         2.499999999999997e-01,  1.948401126529860e-16,\n",
       "        -2.499999999999999e-01,  3.535533905932738e-01,\n",
       "        -2.499999999999996e-01, -9.527705045618201e-16,\n",
       "         2.500000000000001e-01, -3.535533905932738e-01,\n",
       "         2.499999999999995e-01, -1.734100539498761e-16,\n",
       "        -2.500000000000002e-01,  3.535533905932738e-01],\n",
       "       [-3.266407412190941e-01,  2.499999999999999e-01,\n",
       "        -1.352990250365493e-01, -1.515423098412113e-16,\n",
       "         1.352990250365496e-01, -2.499999999999999e-01,\n",
       "         3.266407412190944e-01, -3.535533905932738e-01,\n",
       "         3.266407412190942e-01, -2.499999999999995e-01,\n",
       "         1.352990250365490e-01, -1.734100539498761e-16,\n",
       "        -1.352990250365498e-01,  2.500000000000011e-01,\n",
       "        -3.266407412190941e-01,  3.535533905932738e-01],\n",
       "       [-2.500000000000000e-01,  2.500000000000000e-01,\n",
       "        -2.500000000000000e-01,  2.500000000000000e-01,\n",
       "        -2.500000000000000e-01,  2.500000000000000e-01,\n",
       "        -2.500000000000000e-01,  2.500000000000000e-01,\n",
       "        -2.500000000000000e-01,  2.500000000000000e-01,\n",
       "        -2.500000000000000e-01,  2.500000000000000e-01,\n",
       "        -2.500000000000000e-01,  2.500000000000000e-01,\n",
       "        -2.500000000000000e-01,  2.500000000000000e-01],\n",
       "       [-1.352990250365492e-01,  2.499999999999999e-01,\n",
       "        -3.266407412190940e-01,  3.535533905932738e-01,\n",
       "        -3.266407412190942e-01,  2.500000000000004e-01,\n",
       "        -1.352990250365491e-01,  3.896802253059720e-16,\n",
       "         1.352990250365484e-01, -2.499999999999999e-01,\n",
       "         3.266407412190944e-01, -3.535533905932738e-01,\n",
       "         3.266407412190944e-01, -2.499999999999998e-01,\n",
       "         1.352990250365506e-01, -7.793604506119441e-16],\n",
       "       [-2.500000000000000e-01,  3.535533905932738e-01,\n",
       "        -2.500000000000003e-01,  2.164890140588734e-16,\n",
       "         2.500000000000001e-01, -3.535533905932738e-01,\n",
       "         2.500000000000005e-01, -4.329780281177467e-16,\n",
       "        -2.499999999999999e-01,  3.535533905932738e-01,\n",
       "        -2.499999999999998e-01,  1.905541009123640e-15,\n",
       "         2.499999999999989e-01, -3.535533905932738e-01,\n",
       "         2.500000000000008e-01, -8.659560562354934e-16],\n",
       "       [-3.266407412190941e-01,  2.500000000000003e-01,\n",
       "         1.352990250365493e-01, -3.535533905932738e-01,\n",
       "         1.352990250365491e-01,  2.500000000000000e-01,\n",
       "        -3.266407412190943e-01,  1.732349797876541e-15,\n",
       "         3.266407412190944e-01, -2.499999999999998e-01,\n",
       "        -1.352990250365494e-01,  3.535533905932738e-01,\n",
       "        -1.352990250365495e-01, -2.499999999999996e-01,\n",
       "         3.266407412190954e-01, -3.464699595753083e-15],\n",
       "       [-3.535533905932738e-01,  1.298934084353240e-16,\n",
       "         3.535533905932738e-01, -2.597868168706480e-16,\n",
       "        -3.535533905932738e-01,  3.896802253059720e-16,\n",
       "         3.535533905932738e-01, -5.195736337412960e-16,\n",
       "        -3.535533905932738e-01,  1.905541009123640e-15,\n",
       "         3.535533905932738e-01, -7.793604506119441e-16,\n",
       "        -3.535533905932738e-01, -3.468201078997521e-16,\n",
       "         3.535533905932738e-01, -1.039147267482592e-15],\n",
       "       [-3.266407412190941e-01, -2.500000000000002e-01,\n",
       "         1.352990250365496e-01,  3.535533905932738e-01,\n",
       "         1.352990250365485e-01, -2.500000000000006e-01,\n",
       "        -3.266407412190939e-01, -6.932025303939494e-16,\n",
       "         3.266407412190944e-01,  2.499999999999989e-01,\n",
       "        -1.352990250365495e-01, -3.535533905932738e-01,\n",
       "        -1.352990250365491e-01,  2.500000000000009e-01,\n",
       "         3.266407412190932e-01,  1.386405060787899e-15],\n",
       "       [-2.500000000000001e-01, -3.535533905932738e-01,\n",
       "        -2.500000000000001e-01,  3.030846196824227e-16,\n",
       "         2.500000000000005e-01,  3.535533905932738e-01,\n",
       "         2.499999999999990e-01, -6.061692393648454e-16,\n",
       "        -2.499999999999998e-01, -3.535533905932738e-01,\n",
       "        -2.499999999999996e-01, -3.468201078997521e-16,\n",
       "         2.500000000000009e-01,  3.535533905932738e-01,\n",
       "         2.500000000000003e-01, -1.212338478729691e-15],\n",
       "       [-1.352990250365495e-01, -2.500000000000003e-01,\n",
       "        -3.266407412190942e-01, -3.535533905932738e-01,\n",
       "        -3.266407412190940e-01, -2.499999999999999e-01,\n",
       "        -1.352990250365494e-01,  1.905541009123640e-15,\n",
       "         1.352990250365506e-01,  2.500000000000008e-01,\n",
       "         3.266407412190954e-01,  3.535533905932738e-01,\n",
       "         3.266407412190932e-01,  2.500000000000003e-01,\n",
       "         1.352990250365477e-01, -3.811082018247280e-15]])"
      ]
     },
     "execution_count": 2,
     "metadata": {},
     "output_type": "execute_result"
    }
   ],
   "source": [
    "U = np.loadtxt('U')\n",
    "U"
   ]
  },
  {
   "cell_type": "code",
   "execution_count": 3,
   "metadata": {},
   "outputs": [],
   "source": [
    "nbeads = 16\n",
    "hbar = 1\n",
    "beta = 1"
   ]
  },
  {
   "cell_type": "code",
   "execution_count": 4,
   "metadata": {},
   "outputs": [
    {
     "name": "stdout",
     "output_type": "stream",
     "text": [
      "0.0\n",
      "0.0\n",
      "0.0\n",
      "0.0\n",
      "0.0\n",
      "0.0\n",
      "0.0\n",
      "0.0\n",
      "0.0\n",
      "0.0\n",
      "0.0\n",
      "0.0\n",
      "0.0\n",
      "0.0\n",
      "0.0\n",
      "0.0\n",
      "5.551115123125783e-17\n",
      "-5.551115123125783e-17\n",
      "-2.7755575615628914e-17\n",
      "-6.162975822039155e-33\n",
      "5.551115123125783e-17\n",
      "0.0\n",
      "-5.551115123125783e-17\n",
      "0.0\n",
      "0.0\n",
      "5.551115123125783e-17\n",
      "-5.551115123125783e-17\n",
      "0.0\n",
      "2.7755575615628914e-17\n",
      "5.551115123125783e-17\n",
      "0.0\n",
      "0.0\n",
      "-5.551115123125783e-17\n",
      "-6.162975822039155e-33\n",
      "0.0\n",
      "0.0\n",
      "5.551115123125783e-17\n",
      "0.0\n",
      "5.551115123125783e-17\n",
      "0.0\n",
      "-5.551115123125783e-17\n",
      "-2.465190328815662e-32\n",
      "-2.7755575615628914e-17\n",
      "0.0\n",
      "0.0\n",
      "-4.930380657631324e-32\n",
      "0.0\n",
      "0.0\n",
      "-2.7755575615628914e-17\n",
      "0.0\n",
      "0.0\n",
      "0.0\n",
      "0.0\n",
      "-5.551115123125783e-17\n",
      "0.0\n",
      "0.0\n",
      "-2.7755575615628914e-17\n",
      "0.0\n",
      "2.7755575615628914e-16\n",
      "2.465190328815662e-32\n",
      "-2.7755575615628914e-16\n",
      "-5.551115123125783e-17\n",
      "-1.1657341758564144e-15\n",
      "0.0\n",
      "-6.162975822039155e-33\n",
      "0.0\n",
      "0.0\n",
      "0.0\n",
      "-2.465190328815662e-32\n",
      "0.0\n",
      "-4.930380657631324e-32\n",
      "0.0\n",
      "2.465190328815662e-32\n",
      "0.0\n",
      "0.0\n",
      "0.0\n",
      "0.0\n",
      "0.0\n",
      "0.0\n",
      "0.0\n",
      "5.551115123125783e-17\n",
      "5.551115123125783e-17\n",
      "0.0\n",
      "-2.465190328815662e-32\n",
      "-5.551115123125783e-17\n",
      "0.0\n",
      "-2.7755575615628914e-17\n",
      "0.0\n",
      "-2.7755575615628914e-17\n",
      "0.0\n",
      "4.440892098500626e-16\n",
      "0.0\n",
      "-4.996003610813204e-16\n",
      "-2.7755575615628914e-17\n",
      "2.7755575615628914e-17\n",
      "0.0\n",
      "0.0\n",
      "0.0\n",
      "-5.551115123125783e-17\n",
      "0.0\n",
      "0.0\n",
      "2.465190328815662e-32\n",
      "-5.551115123125783e-17\n",
      "0.0\n",
      "0.0\n",
      "0.0\n",
      "8.326672684688674e-16\n",
      "0.0\n",
      "8.881784197001252e-16\n",
      "4.930380657631324e-32\n",
      "-1.7208456881689926e-15\n",
      "0.0\n",
      "-5.551115123125783e-17\n",
      "5.551115123125783e-17\n",
      "0.0\n",
      "-4.930380657631324e-32\n",
      "-2.7755575615628914e-17\n",
      "-5.551115123125783e-17\n",
      "0.0\n",
      "0.0\n",
      "0.0\n",
      "-2.7755575615628914e-17\n",
      "-1.1657341758564144e-15\n",
      "4.930380657631324e-32\n",
      "2.275957200481571e-15\n",
      "-5.551115123125783e-17\n",
      "-9.43689570931383e-16\n",
      "0.0\n",
      "0.0\n",
      "0.0\n",
      "0.0\n",
      "0.0\n",
      "0.0\n",
      "0.0\n",
      "0.0\n",
      "0.0\n",
      "0.0\n",
      "0.0\n",
      "0.0\n",
      "0.0\n",
      "0.0\n",
      "0.0\n",
      "0.0\n",
      "0.0\n",
      "-2.7755575615628914e-17\n",
      "5.551115123125783e-17\n",
      "-5.551115123125783e-17\n",
      "0.0\n",
      "0.0\n",
      "5.551115123125783e-17\n",
      "-5.551115123125783e-17\n",
      "4.930380657631324e-32\n",
      "2.7755575615628914e-17\n",
      "0.0\n",
      "-9.992007221626409e-16\n",
      "0.0\n",
      "-5.551115123125783e-17\n",
      "-2.7755575615628914e-17\n",
      "2.7755575615628914e-17\n",
      "0.0\n",
      "0.0\n",
      "0.0\n",
      "-5.551115123125783e-17\n",
      "-4.930380657631324e-32\n",
      "-5.551115123125783e-17\n",
      "0.0\n",
      "0.0\n",
      "0.0\n",
      "0.0\n",
      "0.0\n",
      "-1.7486012637846216e-15\n",
      "3.944304526105059e-31\n",
      "1.7208456881689926e-15\n",
      "0.0\n",
      "5.551115123125783e-17\n",
      "0.0\n",
      "0.0\n",
      "5.551115123125783e-17\n",
      "-5.551115123125783e-17\n",
      "0.0\n",
      "2.7755575615628914e-17\n",
      "0.0\n",
      "5.551115123125783e-17\n",
      "3.944304526105059e-31\n",
      "-5.551115123125783e-17\n",
      "5.551115123125783e-17\n",
      "2.3314683517128287e-15\n",
      "0.0\n",
      "2.275957200481571e-15\n",
      "-2.7755575615628914e-17\n",
      "0.0\n",
      "3.944304526105059e-31\n",
      "0.0\n",
      "0.0\n",
      "0.0\n",
      "0.0\n",
      "0.0\n",
      "4.930380657631324e-32\n",
      "0.0\n",
      "0.0\n",
      "0.0\n",
      "3.944304526105059e-31\n",
      "0.0\n",
      "0.0\n",
      "0.0\n",
      "0.0\n",
      "0.0\n",
      "0.0\n",
      "0.0\n",
      "5.551115123125783e-17\n",
      "-2.7755575615628914e-17\n",
      "0.0\n",
      "0.0\n",
      "5.551115123125783e-17\n",
      "0.0\n",
      "0.0\n",
      "-5.551115123125783e-17\n",
      "-2.7755575615628914e-17\n",
      "-2.3592239273284576e-15\n",
      "0.0\n",
      "-5.551115123125783e-17\n",
      "5.551115123125783e-17\n",
      "0.0\n",
      "-1.9721522630525295e-31\n",
      "5.551115123125783e-17\n",
      "0.0\n",
      "5.551115123125783e-17\n",
      "0.0\n",
      "0.0\n",
      "0.0\n",
      "-2.7755575615628914e-17\n",
      "0.0\n",
      "-2.7755575615628914e-17\n",
      "0.0\n",
      "1.7486012637846216e-15\n",
      "0.0\n",
      "-3.524958103184872e-15\n",
      "0.0\n",
      "-3.497202527569243e-15\n",
      "1.9721522630525295e-31\n",
      "2.7755575615628914e-17\n",
      "-5.551115123125783e-17\n",
      "0.0\n",
      "0.0\n",
      "0.0\n",
      "0.0\n",
      "-5.551115123125783e-17\n",
      "3.944304526105059e-31\n",
      "2.7755575615628914e-17\n",
      "5.551115123125783e-17\n",
      "0.0\n",
      "0.0\n",
      "1.942890293094024e-15\n",
      "5.551115123125783e-17\n",
      "0.0\n",
      "-7.888609052210118e-31\n"
     ]
    }
   ],
   "source": [
    "for i in range(nbeads):\n",
    "    for j in range(nbeads):\n",
    "        if (i == 0):\n",
    "            print(sqrt(1/nbeads) - U[i][j])\n",
    "        elif (i < nbeads/2):\n",
    "            print(sqrt(2/nbeads) * cos(2* pi * (j + 1) * i / nbeads) - U[i][j])\n",
    "        elif (i == nbeads/2):\n",
    "            print(sqrt(1/nbeads) * (-1)**(j+1) - U[i][j])\n",
    "        else:\n",
    "            print(sqrt(2/nbeads) * sin(2 * pi *(j + 1) * i/ nbeads) -U[i][j])"
   ]
  },
  {
   "cell_type": "code",
   "execution_count": 5,
   "metadata": {},
   "outputs": [
    {
     "data": {
      "text/plain": [
       "array([[ 2.500000000000000e-01,  3.266407412190941e-01,\n",
       "         2.500000000000001e-01,  1.352990250365493e-01,\n",
       "         2.164890140588734e-17, -1.352990250365493e-01,\n",
       "        -2.500000000000000e-01, -3.266407412190941e-01,\n",
       "        -2.500000000000000e-01, -1.352990250365492e-01,\n",
       "        -2.500000000000000e-01, -3.266407412190941e-01,\n",
       "        -3.535533905932738e-01, -3.266407412190941e-01,\n",
       "        -2.500000000000001e-01, -1.352990250365495e-01],\n",
       "       [ 2.500000000000000e-01,  2.500000000000001e-01,\n",
       "         2.164890140588734e-17, -2.500000000000000e-01,\n",
       "        -3.535533905932738e-01, -2.500000000000001e-01,\n",
       "        -6.494670421766200e-17,  2.499999999999999e-01,\n",
       "         2.500000000000000e-01,  2.499999999999999e-01,\n",
       "         3.535533905932738e-01,  2.500000000000003e-01,\n",
       "         1.298934084353240e-16, -2.500000000000002e-01,\n",
       "        -3.535533905932738e-01, -2.500000000000003e-01],\n",
       "       [ 2.500000000000000e-01,  1.352990250365493e-01,\n",
       "        -2.500000000000000e-01, -3.266407412190942e-01,\n",
       "        -6.494670421766200e-17,  3.266407412190941e-01,\n",
       "         2.500000000000001e-01, -1.352990250365493e-01,\n",
       "        -2.500000000000000e-01, -3.266407412190940e-01,\n",
       "        -2.500000000000003e-01,  1.352990250365493e-01,\n",
       "         3.535533905932738e-01,  1.352990250365496e-01,\n",
       "        -2.500000000000001e-01, -3.266407412190942e-01],\n",
       "       [ 2.500000000000000e-01,  2.164890140588734e-17,\n",
       "        -3.535533905932738e-01, -6.494670421766200e-17,\n",
       "         3.535533905932738e-01,  1.082445070294367e-16,\n",
       "        -3.535533905932738e-01, -1.515423098412113e-16,\n",
       "         2.500000000000000e-01,  3.535533905932738e-01,\n",
       "         2.164890140588734e-16, -3.535533905932738e-01,\n",
       "        -2.597868168706480e-16,  3.535533905932738e-01,\n",
       "         3.030846196824227e-16, -3.535533905932738e-01],\n",
       "       [ 2.500000000000000e-01, -1.352990250365493e-01,\n",
       "        -2.500000000000001e-01,  3.266407412190941e-01,\n",
       "         1.082445070294367e-16, -3.266407412190941e-01,\n",
       "         2.499999999999997e-01,  1.352990250365496e-01,\n",
       "        -2.500000000000000e-01, -3.266407412190942e-01,\n",
       "         2.500000000000001e-01,  1.352990250365491e-01,\n",
       "        -3.535533905932738e-01,  1.352990250365485e-01,\n",
       "         2.500000000000005e-01, -3.266407412190940e-01],\n",
       "       [ 2.500000000000000e-01, -2.500000000000000e-01,\n",
       "        -6.494670421766200e-17,  2.500000000000001e-01,\n",
       "        -3.535533905932738e-01,  2.499999999999997e-01,\n",
       "         1.948401126529860e-16, -2.499999999999999e-01,\n",
       "         2.500000000000000e-01,  2.500000000000004e-01,\n",
       "        -3.535533905932738e-01,  2.500000000000000e-01,\n",
       "         3.896802253059720e-16, -2.500000000000006e-01,\n",
       "         3.535533905932738e-01, -2.499999999999999e-01],\n",
       "       [ 2.500000000000000e-01, -3.266407412190941e-01,\n",
       "         2.499999999999999e-01, -1.352990250365493e-01,\n",
       "        -1.515423098412113e-16,  1.352990250365496e-01,\n",
       "        -2.499999999999999e-01,  3.266407412190944e-01,\n",
       "        -2.500000000000000e-01, -1.352990250365491e-01,\n",
       "         2.500000000000005e-01, -3.266407412190943e-01,\n",
       "         3.535533905932738e-01, -3.266407412190939e-01,\n",
       "         2.499999999999990e-01, -1.352990250365494e-01],\n",
       "       [ 2.500000000000000e-01, -3.535533905932738e-01,\n",
       "         3.535533905932738e-01, -3.535533905932738e-01,\n",
       "         3.535533905932738e-01, -3.535533905932738e-01,\n",
       "         3.535533905932738e-01, -3.535533905932738e-01,\n",
       "         2.500000000000000e-01,  3.896802253059720e-16,\n",
       "        -4.329780281177467e-16,  1.732349797876541e-15,\n",
       "        -5.195736337412960e-16, -6.932025303939494e-16,\n",
       "        -6.061692393648454e-16,  1.905541009123640e-15],\n",
       "       [ 2.500000000000000e-01, -3.266407412190942e-01,\n",
       "         2.500000000000001e-01, -1.352990250365495e-01,\n",
       "         1.948401126529860e-16,  1.352990250365492e-01,\n",
       "        -2.499999999999996e-01,  3.266407412190942e-01,\n",
       "        -2.500000000000000e-01,  1.352990250365484e-01,\n",
       "        -2.499999999999999e-01,  3.266407412190944e-01,\n",
       "        -3.535533905932738e-01,  3.266407412190944e-01,\n",
       "        -2.499999999999998e-01,  1.352990250365506e-01],\n",
       "       [ 2.500000000000000e-01, -2.500000000000001e-01,\n",
       "         1.082445070294367e-16,  2.499999999999997e-01,\n",
       "        -3.535533905932738e-01,  2.500000000000000e-01,\n",
       "        -9.527705045618201e-16, -2.499999999999995e-01,\n",
       "         2.500000000000000e-01, -2.499999999999999e-01,\n",
       "         3.535533905932738e-01, -2.499999999999998e-01,\n",
       "         1.905541009123640e-15,  2.499999999999989e-01,\n",
       "        -3.535533905932738e-01,  2.500000000000008e-01],\n",
       "       [ 2.500000000000000e-01, -1.352990250365494e-01,\n",
       "        -2.499999999999997e-01,  3.266407412190941e-01,\n",
       "        -8.661748989382707e-16, -3.266407412190942e-01,\n",
       "         2.500000000000001e-01,  1.352990250365490e-01,\n",
       "        -2.500000000000000e-01,  3.266407412190944e-01,\n",
       "        -2.499999999999998e-01, -1.352990250365494e-01,\n",
       "         3.535533905932738e-01, -1.352990250365495e-01,\n",
       "        -2.499999999999996e-01,  3.266407412190954e-01],\n",
       "       [ 2.500000000000000e-01, -6.494670421766200e-17,\n",
       "        -3.535533905932738e-01,  1.948401126529860e-16,\n",
       "         3.535533905932738e-01, -9.527705045618201e-16,\n",
       "        -3.535533905932738e-01, -1.734100539498761e-16,\n",
       "         2.500000000000000e-01, -3.535533905932738e-01,\n",
       "         1.905541009123640e-15,  3.535533905932738e-01,\n",
       "        -7.793604506119441e-16, -3.535533905932738e-01,\n",
       "        -3.468201078997521e-16,  3.535533905932738e-01],\n",
       "       [ 2.500000000000000e-01,  1.352990250365493e-01,\n",
       "        -2.499999999999999e-01, -3.266407412190940e-01,\n",
       "        -3.466012651969747e-16,  3.266407412190945e-01,\n",
       "         2.499999999999995e-01, -1.352990250365498e-01,\n",
       "        -2.500000000000000e-01,  3.266407412190944e-01,\n",
       "         2.499999999999989e-01, -1.352990250365495e-01,\n",
       "        -3.535533905932738e-01, -1.352990250365491e-01,\n",
       "         2.500000000000009e-01,  3.266407412190932e-01],\n",
       "       [ 2.500000000000000e-01,  2.499999999999999e-01,\n",
       "        -1.515423098412113e-16, -2.499999999999999e-01,\n",
       "        -3.535533905932738e-01, -2.499999999999995e-01,\n",
       "        -1.734100539498761e-16,  2.500000000000011e-01,\n",
       "         2.500000000000000e-01, -2.499999999999998e-01,\n",
       "        -3.535533905932738e-01, -2.499999999999996e-01,\n",
       "        -3.468201078997521e-16,  2.500000000000009e-01,\n",
       "         3.535533905932738e-01,  2.500000000000003e-01],\n",
       "       [ 2.500000000000000e-01,  3.266407412190941e-01,\n",
       "         2.499999999999997e-01,  1.352990250365492e-01,\n",
       "        -9.527705045618201e-16, -1.352990250365498e-01,\n",
       "        -2.500000000000002e-01, -3.266407412190941e-01,\n",
       "        -2.500000000000000e-01,  1.352990250365506e-01,\n",
       "         2.500000000000008e-01,  3.266407412190954e-01,\n",
       "         3.535533905932738e-01,  3.266407412190932e-01,\n",
       "         2.500000000000003e-01,  1.352990250365477e-01],\n",
       "       [ 2.500000000000000e-01,  3.535533905932738e-01,\n",
       "         3.535533905932738e-01,  3.535533905932738e-01,\n",
       "         3.535533905932738e-01,  3.535533905932738e-01,\n",
       "         3.535533905932738e-01,  3.535533905932738e-01,\n",
       "         2.500000000000000e-01, -7.793604506119441e-16,\n",
       "        -8.659560562354934e-16, -3.464699595753083e-15,\n",
       "        -1.039147267482592e-15,  1.386405060787899e-15,\n",
       "        -1.212338478729691e-15, -3.811082018247280e-15]])"
      ]
     },
     "execution_count": 5,
     "metadata": {},
     "output_type": "execute_result"
    }
   ],
   "source": [
    "UT = np.loadtxt('UT')\n",
    "UT #Transpose of Unitary Matrix (Actually Not Used here)"
   ]
  },
  {
   "cell_type": "code",
   "execution_count": 6,
   "metadata": {},
   "outputs": [
    {
     "name": "stdout",
     "output_type": "stream",
     "text": [
      "[[ 1.0000000000000000e+00 -8.3266726846886741e-17  1.3877787807814457e-17\n",
      "  -6.9388939039072284e-17 -5.1347814888913490e-16 -2.0816681711721685e-16\n",
      "  -3.1918911957973251e-16  3.0531133177191805e-16  0.0000000000000000e+00\n",
      "   3.9496586917912839e-16  2.8311134702244711e-16  8.1257329540400122e-18\n",
      "  -1.3488672660031790e-16 -3.0565476177030472e-16 -1.9206231721990708e-16\n",
      "  -1.9643106903593203e-16]\n",
      " [-8.3266726846886741e-17  1.0000000000000000e+00 -1.1102230246251565e-16\n",
      "   1.3877787807814457e-16 -2.2204460492503131e-16  4.1633363423443370e-17\n",
      "  -1.1102230246251565e-16 -2.7755575615628914e-17  2.7755575615628914e-17\n",
      "   2.7956598250442374e-16 -2.5065054855558054e-16 -1.2804674406969053e-15\n",
      "  -8.2536103740208311e-16  1.0036463588663705e-15  7.0973981379746685e-17\n",
      "  -3.7274615784205622e-15]\n",
      " [ 1.3877787807814457e-17 -1.1102230246251565e-16  9.9999999999999989e-01\n",
      "  -8.3266726846886741e-17  1.2490009027033011e-16  1.9428902930940239e-16\n",
      "   4.4408920985006262e-16  3.6082248300317588e-16 -5.5511151231257827e-17\n",
      "   2.2826908059856293e-17 -7.0861754621345761e-16 -2.6738893072644997e-16\n",
      "  -2.9800510070513375e-16  1.1546793916624518e-16 -1.5874216616540809e-15\n",
      "  -8.6169839610687664e-16]\n",
      " [-6.9388939039072284e-17  1.3877787807814457e-16 -8.3266726846886741e-17\n",
      "   9.9999999999999989e-01 -1.9428902930940239e-16 -4.4408920985006262e-16\n",
      "  -1.1102230246251565e-16  1.1102230246251565e-16  9.7144514654701197e-17\n",
      "  -9.5134288306566589e-17  3.3221653937262665e-16 -1.7870066956821332e-15\n",
      "   4.0282318358949631e-16 -8.4903831347685957e-16  2.6526301068914908e-16\n",
      "  -1.3994626736596868e-15]\n",
      " [-5.1347814888913490e-16 -2.2204460492503131e-16  1.2490009027033011e-16\n",
      "  -1.9428902930940239e-16  1.0000000000000002e+00 -5.5511151231257827e-17\n",
      "   2.6367796834847468e-16 -4.1633363423443370e-16  5.1347814888913490e-16\n",
      "  -8.2078808439338492e-16  1.6341285227124316e-16 -9.8105844097483377e-16\n",
      "  -2.3651765034328996e-15  6.3692154381335029e-16 -7.9171909611235910e-16\n",
      "  -1.4763298897311764e-15]\n",
      " [-2.0816681711721685e-16  4.1633363423443370e-17  1.9428902930940239e-16\n",
      "  -4.4408920985006262e-16 -5.5511151231257827e-17  1.0000000000000002e+00\n",
      "   3.0531133177191805e-16  2.0816681711721685e-16 -1.8041124150158794e-16\n",
      "  -4.4207898350192801e-16 -6.9473975840564315e-16 -3.0013131288658981e-15\n",
      "   2.7098419941525897e-16  1.1077297674249789e-15 -1.6494841135309908e-16\n",
      "  -2.3604994793508382e-15]\n",
      " [-3.1918911957973251e-16 -1.1102230246251565e-16  4.4408920985006262e-16\n",
      "  -1.1102230246251565e-16  2.6367796834847468e-16  3.0531133177191805e-16\n",
      "   9.9999999999999967e-01  2.4980018054066022e-16 -1.5265566588595902e-16\n",
      "   7.1399165387206892e-17 -2.5751800063645019e-15 -7.6698929180777041e-16\n",
      "  -2.0449344548844617e-17 -5.1065514527528306e-17 -6.7803896698397882e-17\n",
      "  -7.8537056316389713e-16]\n",
      " [ 3.0531133177191805e-16 -2.7755575615628914e-17  3.6082248300317588e-16\n",
      "   1.1102230246251565e-16 -4.1633363423443370e-16  2.0816681711721685e-16\n",
      "   2.4980018054066022e-16  1.0000000000000007e+00  2.7755575615628914e-16\n",
      "  -2.0241467935927760e-15 -1.3962824609306488e-16 -2.4323238287455054e-15\n",
      "  -7.6984988617082528e-16  2.0861138078758981e-15 -1.3719283573747017e-16\n",
      "  -9.2414844124204170e-16]\n",
      " [ 0.0000000000000000e+00  2.7755575615628914e-17 -5.5511151231257827e-17\n",
      "   9.7144514654701197e-17  5.1347814888913490e-16 -1.8041124150158794e-16\n",
      "  -1.5265566588595902e-16  2.7755575615628914e-16  1.0000000000000000e+00\n",
      "  -2.5729015778815108e-16  1.0270010552085915e-16 -4.7759684031946597e-16\n",
      "  -1.3488672660031790e-16  1.1067887246412898e-16 -7.1941825391685639e-16\n",
      "  -2.2418664465156094e-16]\n",
      " [ 3.9496586917912839e-16  2.7956598250442374e-16  2.2826908059856293e-17\n",
      "  -9.5134288306566589e-17 -8.2078808439338492e-16 -4.4207898350192801e-16\n",
      "   7.1399165387206892e-17 -2.0241467935927760e-15 -2.5729015778815108e-16\n",
      "   1.0000000000000004e+00 -4.5102810375396915e-16  4.8572257327353298e-17\n",
      "   8.1185058675714651e-16 -8.3266726846887825e-17  1.4641066137244262e-15\n",
      "  -4.1633363423440400e-17]\n",
      " [ 2.8311134702244711e-16 -2.5065054855558054e-16 -7.0861754621345761e-16\n",
      "   3.3221653937262665e-16  1.6341285227124316e-16 -6.9473975840564315e-16\n",
      "  -2.5751800063645019e-15 -1.3962824609306488e-16  1.0270010552085915e-16\n",
      "  -4.5102810375396915e-16  1.0000000000000002e+00  9.4368957093138602e-16\n",
      "   1.4432899320127045e-15 -1.3739009929736324e-15  4.1633363423444418e-17\n",
      "  -7.4940054162197741e-16]\n",
      " [ 8.1257329540400122e-18 -1.2804674406969053e-15 -2.6738893072644997e-16\n",
      "  -1.7870066956821332e-15 -9.8105844097483377e-16 -3.0013131288658981e-15\n",
      "  -7.6698929180777041e-16 -2.4323238287455054e-15 -4.7759684031946597e-16\n",
      "   4.8572257327353298e-17  9.4368957093138602e-16  1.0000000000000011e+00\n",
      "  -5.5511151231254228e-17  1.5265566588595422e-16  2.7755575615629333e-16\n",
      "   2.0816681711734889e-17]\n",
      " [-1.3488672660031790e-16 -8.2536103740208311e-16 -2.9800510070513375e-16\n",
      "   4.0282318358949631e-16 -2.3651765034328996e-15  2.7098419941525897e-16\n",
      "  -2.0449344548844617e-17 -7.6984988617082528e-16 -1.3488672660031790e-16\n",
      "   8.1185058675714651e-16  1.4432899320127045e-15 -5.5511151231254228e-17\n",
      "   1.0000000000000002e+00  3.7470027081098890e-16 -1.3877787807814445e-15\n",
      "  -1.8041124150158397e-16]\n",
      " [-3.0565476177030472e-16  1.0036463588663705e-15  1.1546793916624518e-16\n",
      "  -8.4903831347685957e-16  6.3692154381335029e-16  1.1077297674249789e-15\n",
      "  -5.1065514527528306e-17  2.0861138078758981e-15  1.1067887246412898e-16\n",
      "  -8.3266726846887825e-17 -1.3739009929736324e-15  1.5265566588595422e-16\n",
      "   3.7470027081098890e-16  9.9999999999999967e-01  7.4940054162197899e-16\n",
      "   4.1633363423442843e-16]\n",
      " [-1.9206231721990708e-16  7.0973981379746685e-17 -1.5874216616540809e-15\n",
      "   2.6526301068914908e-16 -7.9171909611235910e-16 -1.6494841135309908e-16\n",
      "  -6.7803896698397882e-17 -1.3719283573747017e-16 -7.1941825391685639e-16\n",
      "   1.4641066137244262e-15  4.1633363423444418e-17  2.7755575615629333e-16\n",
      "  -1.3877787807814445e-15  7.4940054162197899e-16  1.0000000000000002e+00\n",
      "  -9.5756735873919298e-16]\n",
      " [-1.9643106903593203e-16 -3.7274615784205622e-15 -8.6169839610687664e-16\n",
      "  -1.3994626736596868e-15 -1.4763298897311764e-15 -2.3604994793508382e-15\n",
      "  -7.8537056316389713e-16 -9.2414844124204170e-16 -2.2418664465156094e-16\n",
      "  -4.1633363423440400e-17 -7.4940054162197741e-16  2.0816681711734889e-17\n",
      "  -1.8041124150158397e-16  4.1633363423442843e-16 -9.5756735873919298e-16\n",
      "   1.0000000000000009e+00]]\n"
     ]
    }
   ],
   "source": [
    "I = np.zeros((nbeads,nbeads))\n",
    "for i in range(nbeads):\n",
    "    for j in range(nbeads):\n",
    "        #Update U[i][j] = \\sum_{ii = 1}^N U[i][ii]UT[ii][j]\n",
    "        for ii in range(nbeads):\n",
    "            \n",
    "            I[i][j] += U[i][ii] * UT[ii][j]\n",
    "print(I) #EXAMINE UT * U = 1"
   ]
  },
  {
   "cell_type": "code",
   "execution_count": 7,
   "metadata": {},
   "outputs": [
    {
     "name": "stdout",
     "output_type": "stream",
     "text": [
      "1.0\n",
      "1.0\n",
      "0.9999999999999999\n",
      "0.9999999999999999\n",
      "1.0000000000000002\n",
      "1.0000000000000002\n",
      "0.9999999999999997\n",
      "1.0000000000000007\n",
      "1.0\n",
      "1.0000000000000004\n",
      "1.0000000000000002\n",
      "1.000000000000001\n",
      "1.0000000000000002\n",
      "0.9999999999999997\n",
      "1.0000000000000002\n",
      "1.0000000000000009\n"
     ]
    }
   ],
   "source": [
    "for i in range(nbeads):\n",
    "    print(I[i][i])"
   ]
  },
  {
   "cell_type": "code",
   "execution_count": 10,
   "metadata": {},
   "outputs": [
    {
     "data": {
      "text/plain": [
       "array([1.0000000000000027, 1.000000000000008 , 1.000000000000005 ,\n",
       "       1.0000000000000058, 1.00000000000001  , 1.00000000000001  ,\n",
       "       1.000000000000006 , 1.000000000000011 , 1.000000000000003 ,\n",
       "       1.0000000000000078, 1.0000000000000104, 1.0000000000000135,\n",
       "       1.0000000000000098, 1.000000000000009 , 1.000000000000009 ,\n",
       "       1.000000000000015 ])"
      ]
     },
     "execution_count": 10,
     "metadata": {},
     "output_type": "execute_result"
    }
   ],
   "source": [
    "sum(abs(I))"
   ]
  },
  {
   "cell_type": "code",
   "execution_count": 11,
   "metadata": {},
   "outputs": [],
   "source": [
    "omega = np.zeros(nbeads)\n",
    "wp = sqrt(nbeads) / (beta * hbar)\n",
    "wp2 = wp * wp"
   ]
  },
  {
   "cell_type": "code",
   "execution_count": 12,
   "metadata": {},
   "outputs": [
    {
     "data": {
      "text/plain": [
       "array([0.                , 1.560722576129026 , 3.0614674589207183,\n",
       "       4.444561864156817 , 5.65685424949238  , 6.651756898420362 ,\n",
       "       7.391036260090294 , 7.8462822432258434, 8.                ,\n",
       "       7.8462822432258434, 7.391036260090294 , 6.651756898420364 ,\n",
       "       5.656854249492381 , 4.444561864156817 , 3.061467458920719 ,\n",
       "       1.5607225761290289])"
      ]
     },
     "execution_count": 12,
     "metadata": {},
     "output_type": "execute_result"
    }
   ],
   "source": [
    "for i in range(nbeads):\n",
    "    omega[i] = 2 * wp * sin(i * pi/ nbeads)\n",
    "omega"
   ]
  },
  {
   "cell_type": "code",
   "execution_count": 14,
   "metadata": {},
   "outputs": [
    {
     "data": {
      "text/plain": [
       "array([1.e+00, 0.e+00, 5.e-06, 1.e+00])"
      ]
     },
     "execution_count": 14,
     "metadata": {},
     "output_type": "execute_result"
    }
   ],
   "source": [
    "eva = np.loadtxt('eva')\n",
    "eva[0]"
   ]
  },
  {
   "cell_type": "code",
   "execution_count": 16,
   "metadata": {},
   "outputs": [
    {
     "name": "stdout",
     "output_type": "stream",
     "text": [
      "0.0 -0.0 0.0 0.0\n",
      "0.0 0.0 0.0 0.0\n",
      "0.0 -2.710505431213761e-20 0.0 0.0\n",
      "0.0 0.0 0.0 0.0\n",
      "0.0 0.0 0.0 0.0\n",
      "0.0 0.0 0.0 0.0\n",
      "0.0 -4.336808689942018e-19 0.0 0.0\n",
      "0.0 -4.336808689942018e-19 0.0 0.0\n",
      "0.0 2.168404344971009e-19 0.0 0.0\n",
      "0.0 -4.336808689942018e-19 0.0 0.0\n",
      "0.0 -4.336808689942018e-19 0.0 0.0\n",
      "0.0 0.0 0.0 0.0\n",
      "0.0 0.0 0.0 0.0\n",
      "0.0 0.0 0.0 0.0\n",
      "0.0 2.710505431213761e-20 0.0 0.0\n",
      "0.0 0.0 0.0 0.0\n"
     ]
    }
   ],
   "source": [
    "dt = 0.00001\n",
    "mass = 2\n",
    "for i in range(nbeads):\n",
    "    eva00 = cos(omega[i] * dt) - eva[i][0]\n",
    "    eva01 = - mass * omega[i] * sin(omega[i] * dt) - eva[i][1]\n",
    "    eva11 = cos(omega[i] * dt) - eva[i][3]\n",
    "    if (i == 0):\n",
    "        eva10  = dt / mass - eva[i][2]\n",
    "    else:\n",
    "        eva10  = sin(omega[i] * dt) / (mass * omega[i]) - eva[i][2]\n",
    "    print(eva00, eva01, eva10, eva11)"
   ]
  },
  {
   "cell_type": "code",
   "execution_count": 20,
   "metadata": {},
   "outputs": [
    {
     "name": "stdout",
     "output_type": "stream",
     "text": [
      "[ 8.8817841970012523e-16  3.9968028886505635e-15 -8.8817841970012523e-16\n",
      "  8.8817841970012523e-16  0.0000000000000000e+00  8.8817841970012523e-16\n",
      "  1.9984014443252818e-15 -8.8817841970012523e-16  8.8817841970012523e-16\n",
      "  0.0000000000000000e+00  0.0000000000000000e+00 -8.8817841970012523e-16\n",
      "  0.0000000000000000e+00  0.0000000000000000e+00  0.0000000000000000e+00\n",
      " -1.9984014443252818e-15] 2.5681802611199345e-06\n"
     ]
    }
   ],
   "source": [
    "R = np.loadtxt('R')\n",
    "R1 = R[0:nbeads]\n",
    "R2 = R[nbeads:2*nbeads]\n",
    "print(R2-R1, (R2[1]-R2[0]))"
   ]
  },
  {
   "cell_type": "code",
   "execution_count": 21,
   "metadata": {},
   "outputs": [
    {
     "name": "stdout",
     "output_type": "stream",
     "text": [
      "[ 8.8817841970012523e-16 -6.1062266354383610e-16 -1.1102314949546291e-16\n",
      " -1.1657337523399407e-15 -2.8310691363106228e-15 -1.2212449035711986e-15\n",
      " -2.3314675046798815e-15  1.4988010832439613e-15  5.5511151231257827e-17\n",
      "  2.2204460492503131e-15  1.3877789925396825e-15  1.1102187894604203e-16\n",
      " -9.4368957093138306e-16 -1.7763559923673032e-15 -8.8817841970012523e-16\n",
      " -1.9428869049622349e-15] -5.576813046968747\n"
     ]
    }
   ],
   "source": [
    "R = np.loadtxt('nmR')\n",
    "R1 = R[0:nbeads]\n",
    "R2 = R[nbeads:2*nbeads]\n",
    "print(R2-R1, (R2[1]-R2[0]))"
   ]
  },
  {
   "cell_type": "code",
   "execution_count": 22,
   "metadata": {},
   "outputs": [
    {
     "data": {
      "text/plain": [
       "array([1.                , 0.9999950000125   , 0.0044721247746843])"
      ]
     },
     "execution_count": 22,
     "metadata": {},
     "output_type": "execute_result"
    }
   ],
   "source": [
    "thermo = np.loadtxt('thermo')\n",
    "thermo[0]"
   ]
  },
  {
   "cell_type": "code",
   "execution_count": 25,
   "metadata": {},
   "outputs": [
    {
     "name": "stdout",
     "output_type": "stream",
     "text": [
      "0.0 0.0 0.0\n",
      "0.0 0.0 1.734723475976807e-18\n",
      "8.881784197001252e-16 0.0 -3.469446951953614e-18\n",
      "0.0 0.0 -8.324937961212697e-15\n",
